J = 0.00027;
B = 0.0004924;
Torque_Load = 0.05;
Torque_motor = 1;

Ikp = 10;
Ikd =10;
