m = 0.001;
Md = 1;
Dd =1;
Kd = 0.1;