Kp = 100000;
Kd = 0.0001;